1.00	1.00	1000.00	0.00	0.00			
1.00	2.00	999.75	0.04	0.00			
1.00	3.00	999.01	0.14	0.00			
1.00	4.00	997.78	0.32	0.00			
1.00	5.00	996.06	0.57	0.00			
1.00	6.00	993.84	0.89	0.00			
1.00	7.00	991.14	1.28	0.00			
1.00	8.00	987.96	1.74	0.00			
1.00	9.00	984.29	2.26	0.00			
1.00	10.00	980.15	2.85	0.00			
1.00	11.00	975.53	3.50	0.00			
1.00	12.00	970.44	4.22	0.00			
1.00	13.00	964.89	4.99	0.00			
1.00	14.00	958.88	5.82	0.00			
1.00	15.00	952.41	6.71	0.00			
1.00	16.00	945.50	7.65	0.00			
1.00	17.00	938.15	8.64	0.00			
1.00	18.00	930.37	9.68	0.00			
1.00	19.00	922.16	10.77	0.00			
1.00	20.00	913.54	11.90	0.00			
1.00	21.00	904.51	13.07	0.00			
1.00	22.00	895.08	14.28	0.00			
1.00	23.00	885.26	15.52	0.00			
1.00	24.00	875.06	16.80	0.00			
1.00	25.00	864.48	18.11	0.00			
1.00	26.00	853.55	19.44	0.00			
1.00	27.00	842.27	20.80	0.00			
1.00	28.00	830.66	22.17	0.00			
1.00	29.00	818.71	23.57	0.00			
1.00	30.00	806.45	24.98	0.00			
1.00	31.00	793.89	26.41	0.00			
1.00	32.00	781.04	27.84	0.00			
1.00	33.00	767.91	29.28	0.00			
1.00	34.00	754.52	30.72	0.00			
1.00	35.00	740.88	32.17	0.00			
1.00	36.00	727.00	33.61	0.00			
1.00	37.00	712.89	35.05	0.00			
1.00	38.00	698.57	36.48	0.00			
1.00	39.00	684.06	37.90	0.00			
1.00	40.00	669.37	39.30	0.00			
1.00	41.00	654.51	40.69	0.00			
1.00	42.00	639.50	42.05	0.00			
1.00	43.00	624.35	43.39	0.00			
1.00	44.00	609.07	44.71	0.00			
1.00	45.00	593.69	45.99	0.00			
1.00	46.00	578.22	47.24	0.00			
1.00	47.00	562.67	48.46	0.00			
1.00	48.00	547.05	49.63	0.00			
1.00	49.00	531.40	50.75	0.00			
1.00	50.00	515.71	51.83	0.00			
1.00	51.00	500.00	52.86	0.00			
1.00	52.00	484.30	53.84	0.00			
1.00	53.00	468.61	54.75	0.00			
1.00	54.00	452.95	55.60	0.00			
1.00	55.00	437.33	56.39	0.00			
1.00	56.00	421.78	57.11	0.00			
1.00	57.00	406.31	57.76	0.00			
1.00	58.00	390.93	58.33	0.00			
1.00	59.00	375.66	58.82	0.00			
1.00	60.00	360.50	59.23	0.00			
1.00	61.00	345.49	59.56	0.00			
1.00	62.00	330.63	59.80	0.00			
1.00	63.00	315.94	59.95	0.00			
1.00	64.00	301.43	60.01	0.00			
1.00	65.00	287.11	59.97	0.00			
1.00	66.00	273.01	59.84	0.00			
1.00	67.00	259.12	59.61	0.00			
1.00	68.00	245.48	59.29	0.00			
1.00	69.00	232.09	58.86	0.00			
1.00	70.00	218.96	58.34	0.00			
1.00	71.00	206.11	57.71	0.00			
1.00	72.00	193.55	56.99	0.00			
1.00	73.00	181.29	56.16	0.00			
1.00	74.00	169.34	55.23	0.00			
1.00	75.00	157.73	54.21	0.00			
1.00	76.00	146.45	53.08	0.00			
1.00	77.00	135.52	51.86	0.00			
1.00	78.00	124.94	50.55	0.00			
1.00	79.00	114.74	49.14	0.00			
1.00	80.00	104.92	47.64	0.00			
1.00	81.00	95.49	46.05	0.00			
1.00	82.00	86.46	44.37	0.00			
1.00	83.00	77.84	42.62	0.00			
1.00	84.00	69.63	40.78	0.00			
1.00	85.00	61.85	38.86	0.00			
1.00	86.00	54.50	36.87	0.00			
1.00	87.00	47.59	34.80	0.00			
1.00	88.00	41.12	32.67	0.00			
1.00	89.00	35.11	30.47	0.00			
1.00	90.00	29.56	28.21	0.00			
1.00	91.00	24.47	25.89	0.00			
1.00	92.00	19.85	23.52	0.00			
1.00	93.00	15.71	21.09	0.00			
1.00	94.00	12.04	18.61	0.00			
1.00	95.00	8.86	16.08	0.00			
1.00	96.00	6.16	13.50	0.00			
1.00	97.00	3.94	10.88	0.00			
1.00	98.00	2.22	8.22	0.00			
1.00	99.00	0.99	5.52	0.00			
1.00	100.00	0.25	2.78	0.00			
1.00	101.00	0.00	0.00	0.00			
1.00	102.00	0.25	-2.78	0.00			
1.00	103.00	0.99	-5.52	0.00			
1.00	104.00	2.22	-8.22	0.00			
1.00	105.00	3.94	-10.88	0.00			
1.00	106.00	6.16	-13.50	0.00			
1.00	107.00	8.86	-16.08	0.00			
1.00	108.00	12.04	-18.61	0.00			
1.00	109.00	15.71	-21.09	0.00			
1.00	110.00	19.85	-23.52	0.00			
1.00	111.00	24.47	-25.89	0.00			
1.00	112.00	29.56	-28.21	0.00			
1.00	113.00	35.11	-30.47	0.00			
1.00	114.00	41.12	-32.67	0.00			
1.00	115.00	47.59	-34.80	0.00			
1.00	116.00	54.50	-36.87	0.00			
1.00	117.00	61.85	-38.86	0.00			
1.00	118.00	69.63	-40.78	0.00			
1.00	119.00	77.84	-42.62	0.00			
1.00	120.00	86.46	-44.37	0.00			
1.00	121.00	95.49	-46.05	0.00			
1.00	122.00	104.92	-47.64	0.00			
1.00	123.00	114.74	-49.14	0.00			
1.00	124.00	124.94	-50.55	0.00			
1.00	125.00	135.52	-51.86	0.00			
1.00	126.00	146.45	-53.08	0.00			
1.00	127.00	157.73	-54.21	0.00			
1.00	128.00	169.34	-55.23	0.00			
1.00	129.00	181.29	-56.16	0.00			
1.00	130.00	193.55	-56.99	0.00			
1.00	131.00	206.11	-57.71	0.00			
1.00	132.00	218.96	-58.34	0.00			
1.00	133.00	232.09	-58.86	0.00			
1.00	134.00	245.48	-59.29	0.00			
1.00	135.00	259.12	-59.61	0.00			
1.00	136.00	273.01	-59.84	0.00			
1.00	137.00	287.11	-59.97	0.00			
1.00	138.00	301.43	-60.01	0.00			
1.00	139.00	315.94	-59.95	0.00			
1.00	140.00	330.63	-59.80	0.00			
1.00	141.00	345.49	-59.56	0.00			
1.00	142.00	360.50	-59.23	0.00			
1.00	143.00	375.66	-58.82	0.00			
1.00	144.00	390.93	-58.33	0.00			
1.00	145.00	406.31	-57.76	0.00			
1.00	146.00	421.78	-57.11	0.00			
1.00	147.00	437.33	-56.39	0.00			
1.00	148.00	452.95	-55.60	0.00			
1.00	149.00	468.61	-54.75	0.00			
1.00	150.00	484.30	-53.84	0.00			
1.00	151.00	500.00	-52.86	0.00			
1.00	152.00	515.71	-51.83	0.00			
1.00	153.00	531.40	-50.75	0.00			
1.00	154.00	547.05	-49.63	0.00			
1.00	155.00	562.67	-48.46	0.00			
1.00	156.00	578.22	-47.24	0.00			
1.00	157.00	593.69	-45.99	0.00			
1.00	158.00	609.07	-44.71	0.00			
1.00	159.00	624.35	-43.39	0.00			
1.00	160.00	639.50	-42.05	0.00			
1.00	161.00	654.51	-40.69	0.00			
1.00	162.00	669.37	-39.30	0.00			
1.00	163.00	684.06	-37.90	0.00			
1.00	164.00	698.57	-36.48	0.00			
1.00	165.00	712.89	-35.05	0.00			
1.00	166.00	727.00	-33.61	0.00			
1.00	167.00	740.88	-32.17	0.00			
1.00	168.00	754.52	-30.72	0.00			
1.00	169.00	767.91	-29.28	0.00			
1.00	170.00	781.04	-27.84	0.00			
1.00	171.00	793.89	-26.41	0.00			
1.00	172.00	806.45	-24.98	0.00			
1.00	173.00	818.71	-23.57	0.00			
1.00	174.00	830.66	-22.17	0.00			
1.00	175.00	842.27	-20.80	0.00			
1.00	176.00	853.55	-19.44	0.00			
1.00	177.00	864.48	-18.11	0.00			
1.00	178.00	875.06	-16.80	0.00			
1.00	179.00	885.26	-15.52	0.00			
1.00	180.00	895.08	-14.28	0.00			
1.00	181.00	904.51	-13.07	0.00			
1.00	182.00	913.54	-11.90	0.00			
1.00	183.00	922.16	-10.77	0.00			
1.00	184.00	930.37	-9.68	0.00			
1.00	185.00	938.15	-8.64	0.00			
1.00	186.00	945.50	-7.65	0.00			
1.00	187.00	952.41	-6.71	0.00			
1.00	188.00	958.88	-5.82	0.00			
1.00	189.00	964.89	-4.99	0.00			
1.00	190.00	970.44	-4.22	0.00			
1.00	191.00	975.53	-3.50	0.00			
1.00	192.00	980.15	-2.85	0.00			
1.00	193.00	984.29	-2.26	0.00			
1.00	194.00	987.96	-1.74	0.00			
1.00	195.00	991.14	-1.28	0.00			
1.00	196.00	993.84	-0.89	0.00			
1.00	197.00	996.06	-0.57	0.00			
1.00	198.00	997.78	-0.32	0.00			
1.00	199.00	999.01	-0.14	0.00			
1.00	200.00	999.75	-0.04	0.00			
1.00	201.00	1000.00	0.00	0.00			
